Time 0
Waiting clients: (25, 2, 7)(50, 2, 5)(21, 3, 4)(5, 7, 6)(11, 8, 1)(23, 8, 6)(27, 8, 1)(44, 8, 7)(46, 8, 7)(26, 9, 4)(40, 10, 2)(47, 10, 1)(3, 12, 1)(24, 12, 1)(39, 12, 7)(18, 13, 4)(19, 13, 4)(17, 15, 7)(34, 15, 5)(22, 16, 6)(41, 16, 2)(45, 16, 6)(10, 18, 1)(30, 19, 7)(48, 19, 6)(42, 20, 5)(12, 21, 6)(20, 21, 5)(29, 22, 7)(33, 22, 4)(38, 23, 6)(2, 24, 4)(35, 24, 5)(8, 25, 1)(49, 25, 3)(14, 26, 1)(4, 27, 4)(16, 27, 1)(28, 28, 5)(15, 31, 7)(37, 31, 6)(6, 34, 5)(7, 35, 6)(43, 35, 2)(31, 37, 2)(36, 37, 2)(1, 39, 3)(13, 39, 3)(9, 40, 7)(32, 40, 4)
Queue1: closed.
Queue2: closed.
Queue3: closed.
Queue4: closed.
Queue5: closed.

Time 1
Waiting clients: (25, 2, 7)(50, 2, 5)(21, 3, 4)(5, 7, 6)(11, 8, 1)(23, 8, 6)(27, 8, 1)(44, 8, 7)(46, 8, 7)(26, 9, 4)(40, 10, 2)(47, 10, 1)(3, 12, 1)(24, 12, 1)(39, 12, 7)(18, 13, 4)(19, 13, 4)(17, 15, 7)(34, 15, 5)(22, 16, 6)(41, 16, 2)(45, 16, 6)(10, 18, 1)(30, 19, 7)(48, 19, 6)(42, 20, 5)(12, 21, 6)(20, 21, 5)(29, 22, 7)(33, 22, 4)(38, 23, 6)(2, 24, 4)(35, 24, 5)(8, 25, 1)(49, 25, 3)(14, 26, 1)(4, 27, 4)(16, 27, 1)(28, 28, 5)(15, 31, 7)(37, 31, 6)(6, 34, 5)(7, 35, 6)(43, 35, 2)(31, 37, 2)(36, 37, 2)(1, 39, 3)(13, 39, 3)(9, 40, 7)(32, 40, 4)
Queue1: closed.
Queue2: closed.
Queue3: closed.
Queue4: closed.
Queue5: closed.

Time 2
Waiting clients: (21, 3, 4)(5, 7, 6)(11, 8, 1)(23, 8, 6)(27, 8, 1)(44, 8, 7)(46, 8, 7)(26, 9, 4)(40, 10, 2)(47, 10, 1)(3, 12, 1)(24, 12, 1)(39, 12, 7)(18, 13, 4)(19, 13, 4)(17, 15, 7)(34, 15, 5)(22, 16, 6)(41, 16, 2)(45, 16, 6)(10, 18, 1)(30, 19, 7)(48, 19, 6)(42, 20, 5)(12, 21, 6)(20, 21, 5)(29, 22, 7)(33, 22, 4)(38, 23, 6)(2, 24, 4)(35, 24, 5)(8, 25, 1)(49, 25, 3)(14, 26, 1)(4, 27, 4)(16, 27, 1)(28, 28, 5)(15, 31, 7)(37, 31, 6)(6, 34, 5)(7, 35, 6)(43, 35, 2)(31, 37, 2)(36, 37, 2)(1, 39, 3)(13, 39, 3)(9, 40, 7)(32, 40, 4)
Queue1: (25, 2, 7)
Queue2: (50, 2, 5)
Queue3: closed.
Queue4: closed.
Queue5: closed.

Time 3
Waiting clients: (5, 7, 6)(11, 8, 1)(23, 8, 6)(27, 8, 1)(44, 8, 7)(46, 8, 7)(26, 9, 4)(40, 10, 2)(47, 10, 1)(3, 12, 1)(24, 12, 1)(39, 12, 7)(18, 13, 4)(19, 13, 4)(17, 15, 7)(34, 15, 5)(22, 16, 6)(41, 16, 2)(45, 16, 6)(10, 18, 1)(30, 19, 7)(48, 19, 6)(42, 20, 5)(12, 21, 6)(20, 21, 5)(29, 22, 7)(33, 22, 4)(38, 23, 6)(2, 24, 4)(35, 24, 5)(8, 25, 1)(49, 25, 3)(14, 26, 1)(4, 27, 4)(16, 27, 1)(28, 28, 5)(15, 31, 7)(37, 31, 6)(6, 34, 5)(7, 35, 6)(43, 35, 2)(31, 37, 2)(36, 37, 2)(1, 39, 3)(13, 39, 3)(9, 40, 7)(32, 40, 4)
Queue1: (25, 2, 6)
Queue2: (50, 2, 4)
Queue3: (21, 3, 4)
Queue4: closed.
Queue5: closed.

Time 4
Waiting clients: (5, 7, 6)(11, 8, 1)(23, 8, 6)(27, 8, 1)(44, 8, 7)(46, 8, 7)(26, 9, 4)(40, 10, 2)(47, 10, 1)(3, 12, 1)(24, 12, 1)(39, 12, 7)(18, 13, 4)(19, 13, 4)(17, 15, 7)(34, 15, 5)(22, 16, 6)(41, 16, 2)(45, 16, 6)(10, 18, 1)(30, 19, 7)(48, 19, 6)(42, 20, 5)(12, 21, 6)(20, 21, 5)(29, 22, 7)(33, 22, 4)(38, 23, 6)(2, 24, 4)(35, 24, 5)(8, 25, 1)(49, 25, 3)(14, 26, 1)(4, 27, 4)(16, 27, 1)(28, 28, 5)(15, 31, 7)(37, 31, 6)(6, 34, 5)(7, 35, 6)(43, 35, 2)(31, 37, 2)(36, 37, 2)(1, 39, 3)(13, 39, 3)(9, 40, 7)(32, 40, 4)
Queue1: (25, 2, 5)
Queue2: (50, 2, 3)
Queue3: (21, 3, 3)
Queue4: closed.
Queue5: closed.

Time 5
Waiting clients: (5, 7, 6)(11, 8, 1)(23, 8, 6)(27, 8, 1)(44, 8, 7)(46, 8, 7)(26, 9, 4)(40, 10, 2)(47, 10, 1)(3, 12, 1)(24, 12, 1)(39, 12, 7)(18, 13, 4)(19, 13, 4)(17, 15, 7)(34, 15, 5)(22, 16, 6)(41, 16, 2)(45, 16, 6)(10, 18, 1)(30, 19, 7)(48, 19, 6)(42, 20, 5)(12, 21, 6)(20, 21, 5)(29, 22, 7)(33, 22, 4)(38, 23, 6)(2, 24, 4)(35, 24, 5)(8, 25, 1)(49, 25, 3)(14, 26, 1)(4, 27, 4)(16, 27, 1)(28, 28, 5)(15, 31, 7)(37, 31, 6)(6, 34, 5)(7, 35, 6)(43, 35, 2)(31, 37, 2)(36, 37, 2)(1, 39, 3)(13, 39, 3)(9, 40, 7)(32, 40, 4)
Queue1: (25, 2, 4)
Queue2: (50, 2, 2)
Queue3: (21, 3, 2)
Queue4: closed.
Queue5: closed.

Time 6
Waiting clients: (5, 7, 6)(11, 8, 1)(23, 8, 6)(27, 8, 1)(44, 8, 7)(46, 8, 7)(26, 9, 4)(40, 10, 2)(47, 10, 1)(3, 12, 1)(24, 12, 1)(39, 12, 7)(18, 13, 4)(19, 13, 4)(17, 15, 7)(34, 15, 5)(22, 16, 6)(41, 16, 2)(45, 16, 6)(10, 18, 1)(30, 19, 7)(48, 19, 6)(42, 20, 5)(12, 21, 6)(20, 21, 5)(29, 22, 7)(33, 22, 4)(38, 23, 6)(2, 24, 4)(35, 24, 5)(8, 25, 1)(49, 25, 3)(14, 26, 1)(4, 27, 4)(16, 27, 1)(28, 28, 5)(15, 31, 7)(37, 31, 6)(6, 34, 5)(7, 35, 6)(43, 35, 2)(31, 37, 2)(36, 37, 2)(1, 39, 3)(13, 39, 3)(9, 40, 7)(32, 40, 4)
Queue1: (25, 2, 3)
Queue2: (50, 2, 1)
Queue3: (21, 3, 1)
Queue4: closed.
Queue5: closed.

Time 7
Waiting clients: (11, 8, 1)(23, 8, 6)(27, 8, 1)(44, 8, 7)(46, 8, 7)(26, 9, 4)(40, 10, 2)(47, 10, 1)(3, 12, 1)(24, 12, 1)(39, 12, 7)(18, 13, 4)(19, 13, 4)(17, 15, 7)(34, 15, 5)(22, 16, 6)(41, 16, 2)(45, 16, 6)(10, 18, 1)(30, 19, 7)(48, 19, 6)(42, 20, 5)(12, 21, 6)(20, 21, 5)(29, 22, 7)(33, 22, 4)(38, 23, 6)(2, 24, 4)(35, 24, 5)(8, 25, 1)(49, 25, 3)(14, 26, 1)(4, 27, 4)(16, 27, 1)(28, 28, 5)(15, 31, 7)(37, 31, 6)(6, 34, 5)(7, 35, 6)(43, 35, 2)(31, 37, 2)(36, 37, 2)(1, 39, 3)(13, 39, 3)(9, 40, 7)(32, 40, 4)
Queue1: (25, 2, 2)
Queue2: (5, 7, 6)
Queue3: closed.
Queue4: closed.
Queue5: closed.

Time 8
Waiting clients: (26, 9, 4)(40, 10, 2)(47, 10, 1)(3, 12, 1)(24, 12, 1)(39, 12, 7)(18, 13, 4)(19, 13, 4)(17, 15, 7)(34, 15, 5)(22, 16, 6)(41, 16, 2)(45, 16, 6)(10, 18, 1)(30, 19, 7)(48, 19, 6)(42, 20, 5)(12, 21, 6)(20, 21, 5)(29, 22, 7)(33, 22, 4)(38, 23, 6)(2, 24, 4)(35, 24, 5)(8, 25, 1)(49, 25, 3)(14, 26, 1)(4, 27, 4)(16, 27, 1)(28, 28, 5)(15, 31, 7)(37, 31, 6)(6, 34, 5)(7, 35, 6)(43, 35, 2)(31, 37, 2)(36, 37, 2)(1, 39, 3)(13, 39, 3)(9, 40, 7)(32, 40, 4)
Queue1: (25, 2, 1)(44, 8, 7)
Queue2: (5, 7, 5)
Queue3: (11, 8, 1)(46, 8, 7)
Queue4: (23, 8, 6)
Queue5: (27, 8, 1)

Time 9
Waiting clients: (40, 10, 2)(47, 10, 1)(3, 12, 1)(24, 12, 1)(39, 12, 7)(18, 13, 4)(19, 13, 4)(17, 15, 7)(34, 15, 5)(22, 16, 6)(41, 16, 2)(45, 16, 6)(10, 18, 1)(30, 19, 7)(48, 19, 6)(42, 20, 5)(12, 21, 6)(20, 21, 5)(29, 22, 7)(33, 22, 4)(38, 23, 6)(2, 24, 4)(35, 24, 5)(8, 25, 1)(49, 25, 3)(14, 26, 1)(4, 27, 4)(16, 27, 1)(28, 28, 5)(15, 31, 7)(37, 31, 6)(6, 34, 5)(7, 35, 6)(43, 35, 2)(31, 37, 2)(36, 37, 2)(1, 39, 3)(13, 39, 3)(9, 40, 7)(32, 40, 4)
Queue1: (44, 8, 7)
Queue2: (5, 7, 4)
Queue3: (46, 8, 7)
Queue4: (23, 8, 5)
Queue5: (26, 9, 4)

Time 10
Waiting clients: (3, 12, 1)(24, 12, 1)(39, 12, 7)(18, 13, 4)(19, 13, 4)(17, 15, 7)(34, 15, 5)(22, 16, 6)(41, 16, 2)(45, 16, 6)(10, 18, 1)(30, 19, 7)(48, 19, 6)(42, 20, 5)(12, 21, 6)(20, 21, 5)(29, 22, 7)(33, 22, 4)(38, 23, 6)(2, 24, 4)(35, 24, 5)(8, 25, 1)(49, 25, 3)(14, 26, 1)(4, 27, 4)(16, 27, 1)(28, 28, 5)(15, 31, 7)(37, 31, 6)(6, 34, 5)(7, 35, 6)(43, 35, 2)(31, 37, 2)(36, 37, 2)(1, 39, 3)(13, 39, 3)(9, 40, 7)(32, 40, 4)
Queue1: (44, 8, 6)
Queue2: (5, 7, 3)(40, 10, 2)
Queue3: (46, 8, 6)
Queue4: (23, 8, 4)
Queue5: (26, 9, 3)(47, 10, 1)

Time 11
Waiting clients: (3, 12, 1)(24, 12, 1)(39, 12, 7)(18, 13, 4)(19, 13, 4)(17, 15, 7)(34, 15, 5)(22, 16, 6)(41, 16, 2)(45, 16, 6)(10, 18, 1)(30, 19, 7)(48, 19, 6)(42, 20, 5)(12, 21, 6)(20, 21, 5)(29, 22, 7)(33, 22, 4)(38, 23, 6)(2, 24, 4)(35, 24, 5)(8, 25, 1)(49, 25, 3)(14, 26, 1)(4, 27, 4)(16, 27, 1)(28, 28, 5)(15, 31, 7)(37, 31, 6)(6, 34, 5)(7, 35, 6)(43, 35, 2)(31, 37, 2)(36, 37, 2)(1, 39, 3)(13, 39, 3)(9, 40, 7)(32, 40, 4)
Queue1: (44, 8, 5)
Queue2: (5, 7, 2)(40, 10, 2)
Queue3: (46, 8, 5)
Queue4: (23, 8, 3)
Queue5: (26, 9, 2)(47, 10, 1)

Time 12
Waiting clients: (18, 13, 4)(19, 13, 4)(17, 15, 7)(34, 15, 5)(22, 16, 6)(41, 16, 2)(45, 16, 6)(10, 18, 1)(30, 19, 7)(48, 19, 6)(42, 20, 5)(12, 21, 6)(20, 21, 5)(29, 22, 7)(33, 22, 4)(38, 23, 6)(2, 24, 4)(35, 24, 5)(8, 25, 1)(49, 25, 3)(14, 26, 1)(4, 27, 4)(16, 27, 1)(28, 28, 5)(15, 31, 7)(37, 31, 6)(6, 34, 5)(7, 35, 6)(43, 35, 2)(31, 37, 2)(36, 37, 2)(1, 39, 3)(13, 39, 3)(9, 40, 7)(32, 40, 4)
Queue1: (44, 8, 4)
Queue2: (5, 7, 1)(40, 10, 2)(39, 12, 7)
Queue3: (46, 8, 4)
Queue4: (23, 8, 2)(3, 12, 1)
Queue5: (26, 9, 1)(47, 10, 1)(24, 12, 1)

Time 13
Waiting clients: (17, 15, 7)(34, 15, 5)(22, 16, 6)(41, 16, 2)(45, 16, 6)(10, 18, 1)(30, 19, 7)(48, 19, 6)(42, 20, 5)(12, 21, 6)(20, 21, 5)(29, 22, 7)(33, 22, 4)(38, 23, 6)(2, 24, 4)(35, 24, 5)(8, 25, 1)(49, 25, 3)(14, 26, 1)(4, 27, 4)(16, 27, 1)(28, 28, 5)(15, 31, 7)(37, 31, 6)(6, 34, 5)(7, 35, 6)(43, 35, 2)(31, 37, 2)(36, 37, 2)(1, 39, 3)(13, 39, 3)(9, 40, 7)(32, 40, 4)
Queue1: (44, 8, 3)
Queue2: (40, 10, 2)(39, 12, 7)
Queue3: (46, 8, 3)
Queue4: (23, 8, 1)(3, 12, 1)(18, 13, 4)
Queue5: (47, 10, 1)(24, 12, 1)(19, 13, 4)

Time 14
Waiting clients: (17, 15, 7)(34, 15, 5)(22, 16, 6)(41, 16, 2)(45, 16, 6)(10, 18, 1)(30, 19, 7)(48, 19, 6)(42, 20, 5)(12, 21, 6)(20, 21, 5)(29, 22, 7)(33, 22, 4)(38, 23, 6)(2, 24, 4)(35, 24, 5)(8, 25, 1)(49, 25, 3)(14, 26, 1)(4, 27, 4)(16, 27, 1)(28, 28, 5)(15, 31, 7)(37, 31, 6)(6, 34, 5)(7, 35, 6)(43, 35, 2)(31, 37, 2)(36, 37, 2)(1, 39, 3)(13, 39, 3)(9, 40, 7)(32, 40, 4)
Queue1: (44, 8, 2)
Queue2: (40, 10, 1)(39, 12, 7)
Queue3: (46, 8, 2)
Queue4: (3, 12, 1)(18, 13, 4)
Queue5: (24, 12, 1)(19, 13, 4)

Time 15
Waiting clients: (22, 16, 6)(41, 16, 2)(45, 16, 6)(10, 18, 1)(30, 19, 7)(48, 19, 6)(42, 20, 5)(12, 21, 6)(20, 21, 5)(29, 22, 7)(33, 22, 4)(38, 23, 6)(2, 24, 4)(35, 24, 5)(8, 25, 1)(49, 25, 3)(14, 26, 1)(4, 27, 4)(16, 27, 1)(28, 28, 5)(15, 31, 7)(37, 31, 6)(6, 34, 5)(7, 35, 6)(43, 35, 2)(31, 37, 2)(36, 37, 2)(1, 39, 3)(13, 39, 3)(9, 40, 7)(32, 40, 4)
Queue1: (44, 8, 1)(17, 15, 7)
Queue2: (39, 12, 7)
Queue3: (46, 8, 1)(34, 15, 5)
Queue4: (18, 13, 4)
Queue5: (19, 13, 4)

Time 16
Waiting clients: (10, 18, 1)(30, 19, 7)(48, 19, 6)(42, 20, 5)(12, 21, 6)(20, 21, 5)(29, 22, 7)(33, 22, 4)(38, 23, 6)(2, 24, 4)(35, 24, 5)(8, 25, 1)(49, 25, 3)(14, 26, 1)(4, 27, 4)(16, 27, 1)(28, 28, 5)(15, 31, 7)(37, 31, 6)(6, 34, 5)(7, 35, 6)(43, 35, 2)(31, 37, 2)(36, 37, 2)(1, 39, 3)(13, 39, 3)(9, 40, 7)(32, 40, 4)
Queue1: (17, 15, 7)
Queue2: (39, 12, 6)
Queue3: (34, 15, 5)(45, 16, 6)
Queue4: (18, 13, 3)(22, 16, 6)
Queue5: (19, 13, 3)(41, 16, 2)

Time 17
Waiting clients: (10, 18, 1)(30, 19, 7)(48, 19, 6)(42, 20, 5)(12, 21, 6)(20, 21, 5)(29, 22, 7)(33, 22, 4)(38, 23, 6)(2, 24, 4)(35, 24, 5)(8, 25, 1)(49, 25, 3)(14, 26, 1)(4, 27, 4)(16, 27, 1)(28, 28, 5)(15, 31, 7)(37, 31, 6)(6, 34, 5)(7, 35, 6)(43, 35, 2)(31, 37, 2)(36, 37, 2)(1, 39, 3)(13, 39, 3)(9, 40, 7)(32, 40, 4)
Queue1: (17, 15, 6)
Queue2: (39, 12, 5)
Queue3: (34, 15, 4)(45, 16, 6)
Queue4: (18, 13, 2)(22, 16, 6)
Queue5: (19, 13, 2)(41, 16, 2)

Time 18
Waiting clients: (30, 19, 7)(48, 19, 6)(42, 20, 5)(12, 21, 6)(20, 21, 5)(29, 22, 7)(33, 22, 4)(38, 23, 6)(2, 24, 4)(35, 24, 5)(8, 25, 1)(49, 25, 3)(14, 26, 1)(4, 27, 4)(16, 27, 1)(28, 28, 5)(15, 31, 7)(37, 31, 6)(6, 34, 5)(7, 35, 6)(43, 35, 2)(31, 37, 2)(36, 37, 2)(1, 39, 3)(13, 39, 3)(9, 40, 7)(32, 40, 4)
Queue1: (17, 15, 5)
Queue2: (39, 12, 4)
Queue3: (34, 15, 3)(45, 16, 6)
Queue4: (18, 13, 1)(22, 16, 6)
Queue5: (19, 13, 1)(41, 16, 2)(10, 18, 1)

Time 19
Waiting clients: (42, 20, 5)(12, 21, 6)(20, 21, 5)(29, 22, 7)(33, 22, 4)(38, 23, 6)(2, 24, 4)(35, 24, 5)(8, 25, 1)(49, 25, 3)(14, 26, 1)(4, 27, 4)(16, 27, 1)(28, 28, 5)(15, 31, 7)(37, 31, 6)(6, 34, 5)(7, 35, 6)(43, 35, 2)(31, 37, 2)(36, 37, 2)(1, 39, 3)(13, 39, 3)(9, 40, 7)(32, 40, 4)
Queue1: (17, 15, 4)
Queue2: (39, 12, 3)(30, 19, 7)
Queue3: (34, 15, 2)(45, 16, 6)
Queue4: (22, 16, 6)
Queue5: (41, 16, 2)(10, 18, 1)(48, 19, 6)

Time 20
Waiting clients: (12, 21, 6)(20, 21, 5)(29, 22, 7)(33, 22, 4)(38, 23, 6)(2, 24, 4)(35, 24, 5)(8, 25, 1)(49, 25, 3)(14, 26, 1)(4, 27, 4)(16, 27, 1)(28, 28, 5)(15, 31, 7)(37, 31, 6)(6, 34, 5)(7, 35, 6)(43, 35, 2)(31, 37, 2)(36, 37, 2)(1, 39, 3)(13, 39, 3)(9, 40, 7)(32, 40, 4)
Queue1: (17, 15, 3)(42, 20, 5)
Queue2: (39, 12, 2)(30, 19, 7)
Queue3: (34, 15, 1)(45, 16, 6)
Queue4: (22, 16, 5)
Queue5: (41, 16, 1)(10, 18, 1)(48, 19, 6)

Time 21
Waiting clients: (29, 22, 7)(33, 22, 4)(38, 23, 6)(2, 24, 4)(35, 24, 5)(8, 25, 1)(49, 25, 3)(14, 26, 1)(4, 27, 4)(16, 27, 1)(28, 28, 5)(15, 31, 7)(37, 31, 6)(6, 34, 5)(7, 35, 6)(43, 35, 2)(31, 37, 2)(36, 37, 2)(1, 39, 3)(13, 39, 3)(9, 40, 7)(32, 40, 4)
Queue1: (17, 15, 2)(42, 20, 5)
Queue2: (39, 12, 1)(30, 19, 7)
Queue3: (45, 16, 6)(20, 21, 5)
Queue4: (22, 16, 4)(12, 21, 6)
Queue5: (10, 18, 1)(48, 19, 6)

Time 22
Waiting clients: (38, 23, 6)(2, 24, 4)(35, 24, 5)(8, 25, 1)(49, 25, 3)(14, 26, 1)(4, 27, 4)(16, 27, 1)(28, 28, 5)(15, 31, 7)(37, 31, 6)(6, 34, 5)(7, 35, 6)(43, 35, 2)(31, 37, 2)(36, 37, 2)(1, 39, 3)(13, 39, 3)(9, 40, 7)(32, 40, 4)
Queue1: (17, 15, 1)(42, 20, 5)(29, 22, 7)
Queue2: (30, 19, 7)
Queue3: (45, 16, 5)(20, 21, 5)
Queue4: (22, 16, 3)(12, 21, 6)
Queue5: (48, 19, 6)(33, 22, 4)

Time 23
Waiting clients: (2, 24, 4)(35, 24, 5)(8, 25, 1)(49, 25, 3)(14, 26, 1)(4, 27, 4)(16, 27, 1)(28, 28, 5)(15, 31, 7)(37, 31, 6)(6, 34, 5)(7, 35, 6)(43, 35, 2)(31, 37, 2)(36, 37, 2)(1, 39, 3)(13, 39, 3)(9, 40, 7)(32, 40, 4)
Queue1: (42, 20, 5)(29, 22, 7)
Queue2: (30, 19, 6)(38, 23, 6)
Queue3: (45, 16, 4)(20, 21, 5)
Queue4: (22, 16, 2)(12, 21, 6)
Queue5: (48, 19, 5)(33, 22, 4)

Time 24
Waiting clients: (8, 25, 1)(49, 25, 3)(14, 26, 1)(4, 27, 4)(16, 27, 1)(28, 28, 5)(15, 31, 7)(37, 31, 6)(6, 34, 5)(7, 35, 6)(43, 35, 2)(31, 37, 2)(36, 37, 2)(1, 39, 3)(13, 39, 3)(9, 40, 7)(32, 40, 4)
Queue1: (42, 20, 4)(29, 22, 7)
Queue2: (30, 19, 5)(38, 23, 6)
Queue3: (45, 16, 3)(20, 21, 5)(35, 24, 5)
Queue4: (22, 16, 1)(12, 21, 6)(2, 24, 4)
Queue5: (48, 19, 4)(33, 22, 4)

Time 25
Waiting clients: (14, 26, 1)(4, 27, 4)(16, 27, 1)(28, 28, 5)(15, 31, 7)(37, 31, 6)(6, 34, 5)(7, 35, 6)(43, 35, 2)(31, 37, 2)(36, 37, 2)(1, 39, 3)(13, 39, 3)(9, 40, 7)(32, 40, 4)
Queue1: (42, 20, 3)(29, 22, 7)
Queue2: (30, 19, 4)(38, 23, 6)
Queue3: (45, 16, 2)(20, 21, 5)(35, 24, 5)
Queue4: (12, 21, 6)(2, 24, 4)
Queue5: (48, 19, 3)(33, 22, 4)(8, 25, 1)(49, 25, 3)

Time 26
Waiting clients: (4, 27, 4)(16, 27, 1)(28, 28, 5)(15, 31, 7)(37, 31, 6)(6, 34, 5)(7, 35, 6)(43, 35, 2)(31, 37, 2)(36, 37, 2)(1, 39, 3)(13, 39, 3)(9, 40, 7)(32, 40, 4)
Queue1: (42, 20, 2)(29, 22, 7)(14, 26, 1)
Queue2: (30, 19, 3)(38, 23, 6)
Queue3: (45, 16, 1)(20, 21, 5)(35, 24, 5)
Queue4: (12, 21, 5)(2, 24, 4)
Queue5: (48, 19, 2)(33, 22, 4)(8, 25, 1)(49, 25, 3)

Time 27
Waiting clients: (28, 28, 5)(15, 31, 7)(37, 31, 6)(6, 34, 5)(7, 35, 6)(43, 35, 2)(31, 37, 2)(36, 37, 2)(1, 39, 3)(13, 39, 3)(9, 40, 7)(32, 40, 4)
Queue1: (42, 20, 1)(29, 22, 7)(14, 26, 1)
Queue2: (30, 19, 2)(38, 23, 6)(4, 27, 4)
Queue3: (20, 21, 5)(35, 24, 5)
Queue4: (12, 21, 4)(2, 24, 4)(16, 27, 1)
Queue5: (48, 19, 1)(33, 22, 4)(8, 25, 1)(49, 25, 3)

Time 28
Waiting clients: (15, 31, 7)(37, 31, 6)(6, 34, 5)(7, 35, 6)(43, 35, 2)(31, 37, 2)(36, 37, 2)(1, 39, 3)(13, 39, 3)(9, 40, 7)(32, 40, 4)
Queue1: (29, 22, 7)(14, 26, 1)(28, 28, 5)
Queue2: (30, 19, 1)(38, 23, 6)(4, 27, 4)
Queue3: (20, 21, 4)(35, 24, 5)
Queue4: (12, 21, 3)(2, 24, 4)(16, 27, 1)
Queue5: (33, 22, 4)(8, 25, 1)(49, 25, 3)

Time 29
Waiting clients: (15, 31, 7)(37, 31, 6)(6, 34, 5)(7, 35, 6)(43, 35, 2)(31, 37, 2)(36, 37, 2)(1, 39, 3)(13, 39, 3)(9, 40, 7)(32, 40, 4)
Queue1: (29, 22, 6)(14, 26, 1)(28, 28, 5)
Queue2: (38, 23, 6)(4, 27, 4)
Queue3: (20, 21, 3)(35, 24, 5)
Queue4: (12, 21, 2)(2, 24, 4)(16, 27, 1)
Queue5: (33, 22, 3)(8, 25, 1)(49, 25, 3)

Time 30
Waiting clients: (15, 31, 7)(37, 31, 6)(6, 34, 5)(7, 35, 6)(43, 35, 2)(31, 37, 2)(36, 37, 2)(1, 39, 3)(13, 39, 3)(9, 40, 7)(32, 40, 4)
Queue1: (29, 22, 5)(14, 26, 1)(28, 28, 5)
Queue2: (38, 23, 5)(4, 27, 4)
Queue3: (20, 21, 2)(35, 24, 5)
Queue4: (12, 21, 1)(2, 24, 4)(16, 27, 1)
Queue5: (33, 22, 2)(8, 25, 1)(49, 25, 3)

Time 31
Waiting clients: (6, 34, 5)(7, 35, 6)(43, 35, 2)(31, 37, 2)(36, 37, 2)(1, 39, 3)(13, 39, 3)(9, 40, 7)(32, 40, 4)
Queue1: (29, 22, 4)(14, 26, 1)(28, 28, 5)
Queue2: (38, 23, 4)(4, 27, 4)
Queue3: (20, 21, 1)(35, 24, 5)
Queue4: (2, 24, 4)(16, 27, 1)(15, 31, 7)
Queue5: (33, 22, 1)(8, 25, 1)(49, 25, 3)(37, 31, 6)

Time 32
Waiting clients: (6, 34, 5)(7, 35, 6)(43, 35, 2)(31, 37, 2)(36, 37, 2)(1, 39, 3)(13, 39, 3)(9, 40, 7)(32, 40, 4)
Queue1: (29, 22, 3)(14, 26, 1)(28, 28, 5)
Queue2: (38, 23, 3)(4, 27, 4)
Queue3: (35, 24, 5)
Queue4: (2, 24, 3)(16, 27, 1)(15, 31, 7)
Queue5: (8, 25, 1)(49, 25, 3)(37, 31, 6)

Time 33
Waiting clients: (6, 34, 5)(7, 35, 6)(43, 35, 2)(31, 37, 2)(36, 37, 2)(1, 39, 3)(13, 39, 3)(9, 40, 7)(32, 40, 4)
Queue1: (29, 22, 2)(14, 26, 1)(28, 28, 5)
Queue2: (38, 23, 2)(4, 27, 4)
Queue3: (35, 24, 4)
Queue4: (2, 24, 2)(16, 27, 1)(15, 31, 7)
Queue5: (49, 25, 3)(37, 31, 6)

Time 34
Waiting clients: (7, 35, 6)(43, 35, 2)(31, 37, 2)(36, 37, 2)(1, 39, 3)(13, 39, 3)(9, 40, 7)(32, 40, 4)
Queue1: (29, 22, 1)(14, 26, 1)(28, 28, 5)
Queue2: (38, 23, 1)(4, 27, 4)
Queue3: (35, 24, 3)(6, 34, 5)
Queue4: (2, 24, 1)(16, 27, 1)(15, 31, 7)
Queue5: (49, 25, 2)(37, 31, 6)

Time 35
Waiting clients: (31, 37, 2)(36, 37, 2)(1, 39, 3)(13, 39, 3)(9, 40, 7)(32, 40, 4)
Queue1: (14, 26, 1)(28, 28, 5)(43, 35, 2)
Queue2: (4, 27, 4)(7, 35, 6)
Queue3: (35, 24, 2)(6, 34, 5)
Queue4: (16, 27, 1)(15, 31, 7)
Queue5: (49, 25, 1)(37, 31, 6)

Time 36
Waiting clients: (31, 37, 2)(36, 37, 2)(1, 39, 3)(13, 39, 3)(9, 40, 7)(32, 40, 4)
Queue1: (28, 28, 5)(43, 35, 2)
Queue2: (4, 27, 3)(7, 35, 6)
Queue3: (35, 24, 1)(6, 34, 5)
Queue4: (15, 31, 7)
Queue5: (37, 31, 6)

Time 37
Waiting clients: (1, 39, 3)(13, 39, 3)(9, 40, 7)(32, 40, 4)
Queue1: (28, 28, 4)(43, 35, 2)
Queue2: (4, 27, 2)(7, 35, 6)
Queue3: (6, 34, 5)(31, 37, 2)
Queue4: (15, 31, 6)
Queue5: (37, 31, 5)(36, 37, 2)

Time 38
Waiting clients: (1, 39, 3)(13, 39, 3)(9, 40, 7)(32, 40, 4)
Queue1: (28, 28, 3)(43, 35, 2)
Queue2: (4, 27, 1)(7, 35, 6)
Queue3: (6, 34, 4)(31, 37, 2)
Queue4: (15, 31, 5)
Queue5: (37, 31, 4)(36, 37, 2)

Time 39
Waiting clients: (9, 40, 7)(32, 40, 4)
Queue1: (28, 28, 2)(43, 35, 2)(1, 39, 3)
Queue2: (7, 35, 6)
Queue3: (6, 34, 3)(31, 37, 2)
Queue4: (15, 31, 4)(13, 39, 3)
Queue5: (37, 31, 3)(36, 37, 2)

Time 40
Waiting clients: 
Queue1: (28, 28, 1)(43, 35, 2)(1, 39, 3)
Queue2: (7, 35, 5)
Queue3: (6, 34, 2)(31, 37, 2)(9, 40, 7)
Queue4: (15, 31, 3)(13, 39, 3)
Queue5: (37, 31, 2)(36, 37, 2)(32, 40, 4)

Time 41
Waiting clients: 
Queue1: (43, 35, 2)(1, 39, 3)
Queue2: (7, 35, 4)
Queue3: (6, 34, 1)(31, 37, 2)(9, 40, 7)
Queue4: (15, 31, 2)(13, 39, 3)
Queue5: (37, 31, 1)(36, 37, 2)(32, 40, 4)

Time 42
Waiting clients: 
Queue1: (43, 35, 1)(1, 39, 3)
Queue2: (7, 35, 3)
Queue3: (31, 37, 2)(9, 40, 7)
Queue4: (15, 31, 1)(13, 39, 3)
Queue5: (36, 37, 2)(32, 40, 4)

Time 43
Waiting clients: 
Queue1: (1, 39, 3)
Queue2: (7, 35, 2)
Queue3: (31, 37, 1)(9, 40, 7)
Queue4: (13, 39, 3)
Queue5: (36, 37, 1)(32, 40, 4)

Time 44
Waiting clients: 
Queue1: (1, 39, 2)
Queue2: (7, 35, 1)
Queue3: (9, 40, 7)
Queue4: (13, 39, 2)
Queue5: (32, 40, 4)

Time 45
Waiting clients: 
Queue1: (1, 39, 1)
Queue2: closed.
Queue3: (9, 40, 6)
Queue4: (13, 39, 1)
Queue5: (32, 40, 3)

Time 46
Waiting clients: 
Queue1: closed.
Queue2: closed.
Queue3: (9, 40, 5)
Queue4: closed.
Queue5: (32, 40, 2)

Time 47
Waiting clients: 
Queue1: closed.
Queue2: closed.
Queue3: (9, 40, 4)
Queue4: closed.
Queue5: (32, 40, 1)

Time 48
Waiting clients: 
Queue1: closed.
Queue2: closed.
Queue3: (9, 40, 3)
Queue4: closed.
Queue5: closed.

Time 49
Waiting clients: 
Queue1: closed.
Queue2: closed.
Queue3: (9, 40, 2)
Queue4: closed.
Queue5: closed.

Time 50
Waiting clients: 
Queue1: closed.
Queue2: closed.
Queue3: (9, 40, 1)
Queue4: closed.
Queue5: closed.

Time 51
Waiting clients: 
Queue1: closed.
Queue2: closed.
Queue3: closed.
Queue4: closed.
Queue5: closed.

Average waiting time is : 3.68
Average service time is : 4.24
Peak hour is : 27